function QuadRule = P73O19()
% P73O19 2D Quadrature rule.
%
%   QUADRULE = P73O19() sets up a Gaussian quadrature of order 19 using 73 
%   points. The points are distributed on a 2D-triangle consisting of 
%   vertices (0,0), (1,0), (0,1).

%   QUADRULE is a struct containing the following fields:
%    w Weights of the quadrature rule
%    x Abscissae of the quadrature rule (in reference element)
%
%   As a reference of choosing the points and weights, see:
%   D. A. Dunavant: High Degree Efficient Symmetrical Gaussian Quadrature 
%   Rules For The Triangle, 
%   Int. J. Numer. Methods in Eng.  Vol 21 S. 1129-1148  1985
%
%   To recover the barycentric coordinates xbar of the quadrature points
%    xbar = [QuadRule.x, 1-sum(QuadRule.x)'];
%
%   Example:
%
%   QuadRule = P73O19();

%   Copyright 2010 Roman Fuchs (rofuchs@student.ethz.ch) (date: 2010-04-15)
%   SAM - Seminar for Applied Mathematics
%   ETH-Zentrum
%   CH-8092 Zurich, Switzerland

    % the weights of the Gaussian points
  QuadRule.w = [ 0.0164531656944595;
                 0.0051653659456360;
                 0.0051653659456360;
                 0.0051653659456360;
                 0.0111936236315080;
                 0.0111936236315080;
                 0.0111936236315080;
                 0.0151330629347340;
                 0.0151330629347340;
                 0.0151330629347340;
                 0.0152454839010990;
                 0.0152454839010990;
                 0.0152454839010990;
                 0.0120796063708205;
                 0.0120796063708205;
                 0.0120796063708205;
                 0.0080254017934005;
                 0.0080254017934005;
                 0.0080254017934005;
                 0.0040422901308920;
                 0.0040422901308920;
                 0.0040422901308920;
                 0.0010396810137425;
                 0.0010396810137425;
                 0.0010396810137425;
                 0.0019424384524905;
                 0.0019424384524905;
                 0.0019424384524905;
                 0.0019424384524905;
                 0.0019424384524905;
                 0.0019424384524905;
                 0.0127870803060110;
                 0.0127870803060110;
                 0.0127870803060110;
                 0.0127870803060110;
                 0.0127870803060110;
                 0.0127870803060110;
                 0.0044404517866690;
                 0.0044404517866690;
                 0.0044404517866690;
                 0.0044404517866690;
                 0.0044404517866690;
                 0.0044404517866690;
                 0.0080622733808655;
                 0.0080622733808655;
                 0.0080622733808655;
                 0.0080622733808655;
                 0.0080622733808655;
                 0.0080622733808655;
                 0.0012459709087455;
                 0.0012459709087455;
                 0.0012459709087455;
                 0.0012459709087455;
                 0.0012459709087455;
                 0.0012459709087455;
                 0.0091214200594755;
                 0.0091214200594755;
                 0.0091214200594755;
                 0.0091214200594755;
                 0.0091214200594755;
                 0.0091214200594755;
                 0.0051292818680995;
                 0.0051292818680995;
                 0.0051292818680995;
                 0.0051292818680995;
                 0.0051292818680995;
                 0.0051292818680995;
                 0.0018999644276510;    
                 0.0018999644276510;    
                 0.0018999644276510;    
                 0.0018999644276510;    
                 0.0018999644276510;    
                 0.0018999644276510;  
               ];

    % the coordinates of the Gaussian points
  QuadRule.x = [ 0.333333333333333 0.333333333333333;
                 0.020780025853987 0.489609987073006;
                 0.489609987073006 0.020780025853987;
                 0.489609987073006 0.489609987073006;
                 0.090926214604215 0.454536892697893;
                 0.454536892697893 0.090926214604215;
                 0.454536892697893 0.454536892697893;
                 0.197166638701138 0.401416680649431;
                 0.401416680649431 0.197166638701138;
                 0.401416680649431 0.401416680649431;
                 0.488896691193805 0.255551654403098;
                 0.255551654403098 0.488896691193805;
                 0.255551654403098 0.255551654403098;
                 0.645844115695741 0.177077942152130;
                 0.177077942152130 0.645844115695741;
                 0.177077942152130 0.177077942152130;
                 0.779877893544096 0.110061053227952;
                 0.110061053227952 0.779877893544096;
                 0.110061053227952 0.110061053227952;
                 0.888942751496321 0.055528624251840;
                 0.055528624251840 0.888942751496321;
                 0.055528624251840 0.055528624251840;
                 0.974756272445543 0.012621863777229;
                 0.012621863777229 0.974756272445543;
                 0.012621863777229 0.012621863777229;
                 0.003611417848412 0.395754787356943;
                 0.395754787356943 0.003611417848412;
                 0.395754787356943 0.600633794794645;
                 0.600633794794645 0.395754787356943;
                 0.600633794794645 0.003611417848412;
                 0.003611417848412 0.600633794794645;
                 0.134466754530780 0.307929983880436;
                 0.307929983880436 0.134466754530780;
                 0.307929983880436 0.557603261588784;
                 0.557603261588784 0.307929983880436;
                 0.557603261588784 0.134466754530780;
                 0.134466754530780 0.557603261588784;
                 0.014446025776115 0.264566948406520;
                 0.264566948406520 0.014446025776115;
                 0.264566948406520 0.720987025817365;
                 0.720987025817365 0.264566948406520;
                 0.720987025817365 0.014446025776115;
                 0.014446025776115 0.720987025817365;
                 0.046933578838178 0.358539352205951;
                 0.358539352205951 0.046933578838178;
                 0.358539352205951 0.594527068955871;
                 0.594527068955871 0.358539352205951;
                 0.594527068955871 0.046933578838178;
                 0.046933578838178 0.594527068955871;
                 0.002861120350567 0.157807405968595;
                 0.157807405968595 0.002861120350567;
                 0.157807405968595 0.839331473680839;
                 0.839331473680839 0.157807405968595;
                 0.839331473680839 0.002861120350567;
                 0.002861120350567 0.839331473680839;
                 0.223861424097916 0.075050596975911;
                 0.075050596975911 0.223861424097916;
                 0.075050596975911 0.701087978926173;
                 0.701087978926173 0.075050596975911;
                 0.701087978926173 0.223861424097916;
                 0.223861424097916 0.701087978926173;
                 0.034647074816760 0.142421601113383;
                 0.142421601113383 0.034647074816760;
                 0.142421601113383 0.822931324069857;
                 0.822931324069857 0.142421601113383;
                 0.822931324069857 0.034647074816760;
                 0.034647074816760 0.822931324069857;
                 0.010161119296278 0.065494628082938;
                 0.065494628082938 0.010161119296278;
                 0.065494628082938 0.924344252620784;
                 0.924344252620784 0.065494628082938;
                 0.924344252620784 0.010161119296278;
                 0.010161119296278 0.924344252620784; 
               ];
 
return 